image: market.pgm
resolution: 0.050000
origin: [-21.000000, -20.000000, 0.000000]
negate: 0
occupied_thresh: 0.85
free_thresh: 0.10

